AOC 2022
-2 0
-2 2
-3 2
-3 1
-3 2
-5 2
-3 2
-3 1
-3 3
-3 2
-1 2
-1 3
-3 3
-3 1
-5 1
-3 1
-5 1
-4 1
-6 1
-6 0
-6 1
-8 1
-8 2
-8 1
-6 1
-7 1
-6 1
-8 1
-8 3
-8 1
-8 2
-8 0
-7 0
-7 -1
-5 -1
-7 -1
-7 -2
-8 -2
-8 0
-6 0
-8 0
-8 2
-8 1
-8 3
-8 1
-7 1
-7 3
-9 3
-9 1
-9 3
-9 1
-11 1
-10 1
-12 1
-12 -1
-12 0
-10 0
-10 2
-11 2
-11 0
-9 0
-11 0
-10 0
-12 0
-12 -1
-10 -1
-12 -1
-11 -1
-13 -1
-13 -2
-13 -1
-14 -1
-14 -2
-12 -2
-12 -3
-13 -3
-13 -4
-12 -4
-12 -5
-12 -3
-11 -3
-12 -3
-12 -1
-14 -1
-14 -3
-15 -3
-15 -2
-15 -3
-16 -3
-16 -2
-16 -3
-16 -2
-14 -2
-16 -2
-16 0
-14 0
-16 0
-16 -2
-16 -1
-17 -1
-16 -1
-16 1
-15 1
-15 -1
-14 -1
-16 -1
-14 -1
-14 1
-14 -1
-13 -1
-13 1
-15 1
-14 1
-16 1
-16 -2
-19 -2
-19 -5
-22 -5
-22 -2
-22 -4
-20 -4
-20 -7
-21 -7
-19 -7
-19 -9
-17 -9
-17 -12
-17 -9
-17 -10
-15 -10
-15 -13
-16 -13
-16 -14
-17 -14
-17 -17
-15 -17
-15 -15
-15 -18
-13 -18
-13 -16
-13 -18
-15 -18
-15 -17
-12 -17
-12 -15
-12 -18
-12 -17
-10 -17
-10 -19
-10 -17
-10 -18
-8 -18
-8 -20
-5 -20
-6 -20
-5 -20
-6 -20
-6 -22
-6 -19
-4 -19
-4 -17
-5 -17
-4 -17
-4 -14
-7 -14
-7 -16
-5 -16
-6 -16
-6 -14
-3 -14
-3 -17
-3 -15
-3 -18
-1 -18
-1 -16
-1 -18
-2 -18
-2 -21
-2 -20
-4 -20
-2 -20
-4 -20
-3 -20
-4 -20
-1 -20
-3 -20
-3 -19
-3 -21
-3 -19
-5 -19
-5 -17
-8 -17
-8 -15
-8 -18
-8 -17
-11 -17
-11 -20
-11 -18
-11 -20
-12 -20
-12 -18
-12 -20
-15 -20
-15 -23
-13 -23
-14 -23
-14 -20
-17 -20
-17 -22
-19 -22
-17 -22
-17 -23
-19 -23
-19 -24
-17 -24
-18 -24
-18 -21
-16 -21
-19 -21
-18 -21
-19 -21
-16 -21
-18 -21
-16 -21
-16 -19
-16 -23
-19 -23
-19 -20
-23 -20
-23 -18
-25 -18
-25 -15
-23 -15
-23 -11
-22 -11
-22 -8
-21 -8
-21 -4
-24 -4
-20 -4
-24 -4
-24 -1
-24 -2
-22 -2
-22 -6
-22 -5
-22 -8
-20 -8
-20 -6
-19 -6
-23 -6
-21 -6
-24 -6
-24 -2
-24 -6
-20 -6
-20 -5
-18 -5
-18 -8
-18 -7
-19 -7
-19 -4
-20 -4
-19 -4
-19 -2
-15 -2
-15 -4
-15 -3
-15 -6
-15 -2
-16 -2
-16 -1
-14 -1
-14 3
-15 3
-13 3
-14 3
-14 -1
-17 -1
-16 -1
-18 -1
-17 -1
-17 2
-14 2
-14 0
-12 0
-14 0
-14 -1
-14 3
-12 3
-12 5
-13 5
-11 5
-11 8
-13 8
-13 5
-13 7
-13 4
-13 8
-13 6
-10 6
-10 7
-10 5
-9 5
-9 3
-6 3
-7 3
-7 -1
-3 -1
-3 -5
-1 -5
-1 -8
-1 -7
1 -7
1 -6
-3 -6
-3 -8
-5 -8
-5 -12
-6 -12
-6 -8
-6 -11
-9 -11
-9 -9
-11 -9
-11 -10
-15 -10
-11 -10
-11 -12
-8 -12
-9 -12
-9 -9
-12 -9
-12 -14
-12 -9
-12 -14
-12 -13
-12 -14
-11 -14
-11 -12
-13 -12
-13 -9
-18 -9
-18 -13
-16 -13
-16 -11
-20 -11
-20 -8
-22 -8
-22 -5
-20 -5
-20 -8
-16 -8
-16 -13
-15 -13
-15 -16
-13 -16
-13 -14
-10 -14
-10 -9
-8 -9
-8 -10
-3 -10
-4 -10
-4 -15
-9 -15
-9 -13
-9 -17
-8 -17
-11 -17
-9 -17
-9 -15
-8 -15
-8 -10
-3 -10
-3 -12
-3 -11
1 -11
-3 -11
-3 -16
-3 -15
-3 -16
-7 -16
-7 -19
-10 -19
-10 -24
-7 -24
-7 -21
-9 -21
-4 -21
-4 -16
-1 -16
-1 -18
-3 -18
-3 -21
-2 -21
-2 -16
-3 -16
-3 -21
-1 -21
-6 -21
-2 -21
-5 -21
-5 -23
-5 -22
-9 -22
-9 -17
-12 -17
-11 -17
-11 -14
-8 -14
-8 -9
-13 -9
-13 -4
-8 -4
-9 -4
-5 -4
-7 -4
-7 -7
-7 -4
-8 -4
-8 1
-8 -2
-8 2
-13 2
-13 5
-16 5
-16 4
-16 7
-20 7
-20 5
-17 5
-20 5
-20 1
-21 1
-21 -3
-21 0
-21 -4
-26 -4
-24 -4
-26 -4
-22 -4
-23 -4
-23 -3
-23 -4
-23 -3
-18 -3
-18 -2
-16 -2
-16 -5
-20 -5
-20 -6
-17 -6
-17 -3
-17 -9
-17 -8
-14 -8
-14 -9
-19 -9
-19 -12
-16 -12
-18 -12
-18 -17
-15 -17
-15 -20
-15 -15
-15 -21
-15 -19
-13 -19
-13 -16
-12 -16
-12 -10
-13 -10
-12 -10
-17 -10
-15 -10
-15 -4
-15 -7
-12 -7
-12 -12
-12 -11
-16 -11
-16 -15
-17 -15
-13 -15
-13 -20
-16 -20
-11 -20
-11 -14
-11 -18
-11 -14
-11 -19
-10 -19
-10 -18
-16 -18
-13 -18
-13 -19
-15 -19
-15 -20
-16 -20
-16 -15
-20 -15
-19 -15
-22 -15
-22 -9
-23 -9
-23 -12
-29 -12
-29 -18
-27 -18
-27 -13
-27 -16
-27 -10
-22 -10
-24 -10
-24 -9
-21 -9
-26 -9
-24 -9
-30 -9
-29 -9
-29 -8
-28 -8
-28 -11
-27 -11
-27 -12
-31 -12
-31 -14
-28 -14
-28 -12
-34 -12
-34 -7
-31 -7
-31 -11
-27 -11
-27 -17
-26 -17
-26 -22
-31 -22
-30 -22
-30 -23
-33 -23
-33 -29
-30 -29
-30 -25
-30 -31
-28 -31
-34 -31
-34 -33
-35 -33
-35 -39
-38 -39
-36 -39
-36 -36
-40 -36
-34 -36
-34 -30
-33 -30
-33 -24
-33 -29
-33 -28
-39 -28
-33 -28
-33 -29
-28 -29
-29 -29
-29 -34
-23 -34
-23 -33
-28 -33
-28 -36
-22 -36
-22 -35
-25 -35
-25 -34
-21 -34
-21 -35
-19 -35
-19 -42
-19 -37
-19 -39
-19 -33
-19 -36
-19 -35
-19 -38
-15 -38
-15 -44
-12 -44
-13 -44
-13 -43
-15 -43
-11 -43
-11 -40
-14 -40
-13 -40
-13 -47
-17 -47
-17 -49
-14 -49
-16 -49
-16 -47
-17 -47
-17 -52
-17 -48
-21 -48
-21 -55
-21 -51
-21 -56
-28 -56
-28 -50
-29 -50
-29 -49
-30 -49
-24 -49
-24 -48
-24 -53
-22 -53
-22 -57
-19 -57
-19 -59
-17 -59
-22 -59
-22 -54
-15 -54
-15 -60
-14 -60
-14 -65
-13 -65
-20 -65
-20 -72
-26 -72
-26 -78
-26 -74
-23 -74
-23 -72
-17 -72
-17 -76
-11 -76
-11 -79
-16 -79
-16 -72
-16 -74
-11 -74
-11 -79
-12 -79
-11 -79
-11 -85
-14 -85
-11 -85
-12 -85
-10 -85
-10 -90
-8 -90
-8 -91
-14 -91
-14 -92
-14 -85
-8 -85
-8 -89
-8 -87
-3 -87
-10 -87
-3 -87
-3 -90
-5 -90
2 -90
2 -91
10 -91
10 -93
13 -93
11 -93
19 -93
19 -86
11 -86
11 -89
11 -83
11 -86
19 -86
19 -82
16 -82
20 -82
20 -87
20 -81
28 -81
28 -86
28 -82
23 -82
23 -84
23 -76
23 -82
23 -78
22 -78
24 -78
24 -82
24 -79
23 -79
23 -73
29 -73
29 -70
22 -70
22 -64
25 -64
25 -59
31 -59
31 -67
37 -67
37 -66
45 -66
40 -66
45 -66
42 -66
47 -66
40 -66
43 -66
43 -72
44 -72
44 -76
49 -76
49 -70
53 -70
53 -73
57 -73
57 -80
62 -80
62 -75
62 -77
68 -77
68 -74
67 -74
67 -70
74 -70
74 -65
74 -67
77 -67
76 -67
76 -65
77 -65
77 -72
73 -72
77 -72
77 -74
77 -66
77 -68
73 -68
73 -75
79 -75
79 -67
86 -67
86 -68
86 -64
78 -64
78 -72
83 -72
83 -74
78 -74
78 -75
77 -75
77 -71
77 -75
70 -75
70 -78
62 -78
62 -79
63 -79
61 -79
61 -72
69 -72
69 -75
76 -75
76 -76
78 -76
78 -68
86 -68
86 -66
86 -72
86 -65
87 -65
87 -57
92 -57
92 -60
96 -60
94 -60
94 -61
88 -61
88 -69
89 -69
85 -69
85 -64
78 -64
78 -69
78 -65
74 -65
83 -65
74 -65
74 -58
71 -58
75 -58
75 -56
80 -56
80 -57
75 -57
82 -57
82 -64
76 -64
76 -62
70 -62
75 -62
75 -64
75 -58
78 -58
78 -51
78 -59
78 -56
75 -56
75 -51
75 -56
75 -55
75 -61
79 -61
79 -58
83 -58
83 -57
83 -60
85 -60
77 -60
77 -66
74 -66
74 -59
74 -61
83 -61
83 -65
78 -65
82 -65
74 -65
74 -72
76 -72
76 -75
76 -70
76 -76
77 -76
76 -76
76 -81
70 -81
70 -77
70 -79
75 -79
75 -77
79 -77
79 -72
79 -79
87 -79
87 -81
93 -81
93 -85
99 -85
91 -85
91 -81
88 -81
88 -77
85 -77
91 -77
91 -81
86 -81
86 -82
86 -74
78 -74
78 -72
69 -72
75 -72
74 -72
74 -77
69 -77
73 -77
73 -80
77 -80
69 -80
78 -80
78 -82
86 -82
86 -88
82 -88
82 -90
82 -87
91 -87
84 -87
84 -96
92 -96
92 -93
82 -93
82 -103
75 -103
83 -103
76 -103
76 -110
69 -110
69 -116
70 -116
70 -106
77 -106
77 -96
76 -96
76 -103
74 -103
74 -104
74 -94
74 -99
73 -99
73 -90
63 -90
63 -84
59 -84
59 -74
66 -74
56 -74
56 -66
56 -72
52 -72
52 -81
45 -81
50 -81
50 -84
48 -84
57 -84
57 -80
57 -82
51 -82
55 -82
52 -82
53 -82
51 -82
51 -74
44 -74
44 -70
44 -78
53 -78
49 -78
50 -78
50 -72
45 -72
55 -72
55 -82
55 -80
63 -80
63 -79
67 -79
67 -89
69 -89
67 -89
67 -92
67 -84
60 -84
60 -93
52 -93
52 -100
61 -100
55 -100
55 -92
55 -99
55 -93
55 -98
58 -98
51 -98
51 -94
58 -94
58 -103
67 -103
67 -108
61 -108
61 -106
68 -106
68 -99
68 -102
78 -102
68 -102
69 -102
69 -112
69 -110
72 -110
72 -108
68 -108
73 -108
72 -108
72 -102
73 -102
73 -96
83 -96
81 -96
81 -104
81 -101
73 -101
73 -97
65 -97
65 -87
65 -94
69 -94
69 -84
66 -84
66 -91
65 -91
70 -91
69 -91
69 -86
68 -86
68 -87
75 -87
75 -90
72 -90
74 -90
74 -83
63 -83
68 -83
68 -91
69 -91
69 -88
70 -88
59 -88
63 -88
63 -87
63 -96
70 -96
70 -104
81 -104
81 -107
81 -106
74 -106
79 -106
74 -106
75 -106
75 -110
81 -110
81 -118
84 -118
74 -118
84 -118
84 -122
77 -122
84 -122
75 -122
75 -133
74 -133
74 -134
64 -134
64 -128
56 -128
67 -128
67 -138
63 -138
63 -133
63 -141
71 -141
68 -141
68 -137
72 -137
72 -130
79 -130
79 -138
79 -132
90 -132
82 -132
82 -142
89 -142
89 -150
78 -150
78 -147
78 -154
78 -152
83 -152
77 -152
77 -142
81 -142
72 -142
72 -135
72 -142
79 -142
79 -148
89 -148
89 -144
86 -144
86 -148
94 -148
90 -148
93 -148
93 -146
97 -146
97 -144
91 -144
91 -149
94 -149
94 -150
94 -146
88 -146
88 -136
88 -145
82 -145
82 -141
85 -141
83 -141
83 -145
84 -145
81 -145
85 -145
83 -145
90 -145
84 -145
91 -145
91 -137
91 -143
91 -141
80 -141
89 -141
79 -141
85 -141
85 -145
92 -145
86 -145
86 -147
76 -147
76 -150
74 -150
74 -159
72 -159
82 -159
74 -159
74 -157
65 -157
65 -169
65 -166
72 -166
72 -160
71 -160
77 -160
77 -169
77 -168
86 -168
86 -163
81 -163
93 -163
88 -163
88 -159
89 -159
89 -160
96 -160
95 -160
96 -160
96 -163
96 -158
105 -158
105 -164
93 -164
95 -164
95 -160
97 -160
97 -158
108 -158
108 -156
108 -159
108 -157
97 -157
97 -168
98 -168
98 -178
93 -178
93 -189
97 -189
97 -193
109 -193
109 -182
111 -182
111 -181
111 -192
108 -192
108 -195
113 -195
113 -201
122 -201
122 -191
113 -191
113 -195
113 -187
113 -192
118 -192
118 -191
120 -191
120 -179
118 -179
127 -179
127 -184
127 -173
127 -181
135 -181
125 -181
125 -191
125 -182
120 -182
120 -180
124 -180
124 -184
124 -173
126 -173
126 -165
131 -165
131 -162
131 -174
121 -174
121 -163
121 -175
124 -175
118 -175
123 -175
123 -169
132 -169
132 -162
141 -162
141 -168
138 -168
138 -165
133 -165
133 -166
124 -166
124 -157
126 -157
126 -166
131 -166
131 -157
138 -157
138 -162
148 -162
148 -169
148 -165
147 -165
147 -171
147 -161
135 -161
142 -161
142 -152
141 -152
141 -157
141 -149
141 -152
135 -152
135 -159
142 -159
129 -159
129 -163
132 -163
132 -171
122 -171
133 -171
133 -173
141 -173
141 -180
149 -180
136 -180
136 -183
134 -183
134 -187
132 -187
132 -182
138 -182
138 -173
145 -173
142 -173
155 -173
144 -173
145 -173
145 -186
135 -186
135 -192
137 -192
125 -192
125 -200
125 -188
125 -193
128 -193
128 -188
128 -194
128 -190
128 -196
128 -189
128 -201
134 -201
133 -201
133 -198
143 -198
143 -191
131 -191
142 -191
142 -192
133 -192
133 -180
128 -180
128 -186
128 -179
128 -190
119 -190
119 -203
112 -203
112 -216
112 -211
121 -211
121 -203
130 -203
130 -212
121 -212
124 -212
124 -223
124 -216
115 -216
115 -210
104 -210
104 -208
110 -208
110 -202
122 -202
122 -201
119 -201
119 -196
128 -196
128 -185
141 -185
141 -174
141 -187
148 -187
148 -176
139 -176
139 -186
139 -185
127 -185
140 -185
140 -188
140 -184
129 -184
129 -181
129 -183
139 -183
139 -174
139 -178
125 -178
127 -178
127 -180
127 -167
127 -170
127 -160
120 -160
120 -154
120 -167
120 -158
121 -158
121 -159
122 -159
122 -164
120 -164
120 -171
120 -161
121 -161
121 -169
108 -169
110 -169
110 -159
104 -159
104 -167
111 -167
111 -158
111 -162
111 -155
111 -161
123 -161
123 -160
123 -173
123 -169
110 -169
110 -176
115 -176
115 -166
115 -178
115 -173
114 -173
114 -161
114 -165
114 -162
117 -162
117 -171
112 -171
114 -171
114 -174
114 -168
128 -168
126 -168
129 -168
129 -157
138 -157
125 -157
125 -158
125 -150
125 -152
137 -152
137 -157
131 -157
131 -143
132 -143
132 -145
126 -145
133 -145
125 -145
125 -151
125 -144
123 -144
125 -144
125 -149
131 -149
131 -148
131 -156
119 -156
119 -163
113 -163
113 -171
109 -171
109 -167
109 -180
120 -180
120 -181
129 -181
123 -181
123 -189
111 -189
111 -178
111 -189
111 -185
111 -197
115 -197
101 -197
101 -191
101 -194
109 -194
109 -201
97 -201
97 -189
107 -189
107 -187
113 -187
112 -187
123 -187
123 -185
119 -185
119 -173
124 -173
124 -165
109 -165
114 -165
114 -161
123 -161
123 -169
123 -154
123 -164
133 -164
124 -164
136 -164
128 -164
128 -178
130 -178
130 -189
116 -189
116 -197
115 -197
115 -212
115 -208
111 -208
111 -217
115 -217
115 -227
114 -227
114 -220
114 -233
129 -233
129 -221
140 -221
140 -233
142 -233
135 -233
135 -248
134 -248
134 -244
134 -258
127 -258
127 -259
136 -259
136 -258
133 -258
133 -260
128 -260
128 -273
131 -273
119 -273
119 -268
106 -268
106 -263
104 -263
104 -272
103 -272
103 -282
89 -282
89 -296
89 -291
89 -305
89 -300
89 -304
101 -304
101 -294
115 -294
115 -295
114 -295
114 -287
114 -294
101 -294
106 -294
99 -294
99 -299
96 -299
96 -284
104 -284
95 -284
95 -298
109 -298
97 -298
97 -305
82 -305
82 -319
82 -307
75 -307
86 -307
76 -307
76 -315
69 -315
83 -315
72 -315
72 -314
81 -314
81 -301
95 -301
95 -307
95 -306
91 -306
103 -306
101 -306
101 -294
89 -294
89 -307
89 -294
101 -294
101 -289
110 -289
110 -285
110 -298
103 -298
103 -302
103 -286
103 -297
103 -281
115 -281
115 -271
129 -271
128 -271
128 -259
132 -259
132 -252
142 -252
142 -266
151 -266
151 -275
143 -275
154 -275
147 -275
147 -270
162 -270
162 -269
162 -281
162 -276
162 -287
162 -282
162 -293
149 -293
155 -293
155 -303
155 -302
150 -302
150 -291
146 -291
146 -277
131 -277
145 -277
141 -277
141 -290
130 -290
130 -291
130 -279
130 -281
117 -281
117 -291
109 -291
109 -276
112 -276
112 -271
125 -271
114 -271
114 -259
100 -259
110 -259
110 -274
112 -274
112 -268
112 -283
112 -272
112 -281
112 -271
128 -271
128 -255
128 -261
130 -261
126 -261
126 -276
118 -276
118 -268
104 -268
104 -276
104 -272
106 -272
106 -276
106 -265
115 -265
100 -265
100 -260
85 -260
85 -272
94 -272
94 -269
101 -269
101 -283
101 -277
112 -277
96 -277
96 -282
111 -282
111 -288
111 -283
98 -283
98 -278
102 -278
102 -267
115 -267
115 -274
122 -274
122 -262
135 -262
135 -261
130 -261
130 -267
138 -267
138 -253
144 -253
144 -269
152 -269
152 -275
157 -275
157 -269
157 -271
157 -267
162 -267
162 -284
159 -284
159 -285
168 -285
168 -279
181 -279
178 -279
178 -294
169 -294
169 -298
175 -298
175 -311
175 -300
175 -302
175 -292
164 -292
164 -296
164 -279
176 -279
176 -291
183 -291
183 -301
183 -294
186 -294
181 -294
181 -299
184 -299
184 -302
184 -296
184 -302
184 -285
168 -285
168 -288
182 -288
182 -293
182 -281
169 -281
169 -274
169 -279
186 -279
179 -279
179 -291
179 -282
179 -297
177 -297
190 -297
176 -297
176 -298
173 -298
173 -281
182 -281
182 -277
168 -277
176 -277
176 -292
165 -292
165 -277
156 -277
156 -273
146 -273
146 -260
146 -272
146 -263
138 -263
150 -263
150 -258
150 -271
150 -261
163 -261
163 -260
149 -260
149 -270
149 -260
152 -260
152 -267
157 -267
157 -277
163 -277
163 -276
163 -277
166 -277
150 -277
150 -281
150 -268
150 -285
145 -285
159 -285
159 -282
171 -282
171 -277
171 -279
171 -270
182 -270
182 -283
176 -283
176 -280
193 -280
182 -280
199 -280
186 -280
186 -278
203 -278
203 -269
200 -269
216 -269
216 -270
216 -257
216 -260
223 -260
214 -260
230 -260
230 -277
227 -277
227 -274
234 -274
219 -274
219 -271
225 -271
214 -271
225 -271
225 -273
225 -272
221 -272
221 -278
206 -278
215 -278
215 -292
215 -291
214 -291
214 -281
196 -281
196 -285
208 -285
194 -285
205 -285
205 -299
190 -299
190 -282
184 -282
184 -271
184 -285
184 -284
175 -284
175 -292
175 -286
157 -286
159 -286
159 -290
158 -290
158 -303
141 -303
141 -297
123 -297
123 -281
124 -281
124 -273
132 -273
115 -273
115 -286
115 -268
120 -268
120 -262
134 -262
134 -266
134 -250
116 -250
116 -244
134 -244
131 -244
131 -232
133 -232
133 -241
133 -235
144 -235
142 -235
142 -246
142 -235
142 -251
125 -251
125 -233
125 -240
137 -240
137 -242
128 -242
132 -242
129 -242
132 -242
132 -225
117 -225
129 -225
129 -209
117 -209
117 -207
109 -207
109 -210
99 -210
99 -199
97 -199
97 -217
98 -217
98 -219
103 -219
103 -228
88 -228
88 -236
70 -236
70 -243
54 -243
56 -243
56 -226
42 -226
53 -226
53 -228
53 -216
48 -216
48 -222
65 -222
58 -222
58 -212
59 -212
42 -212
54 -212
54 -210
54 -214
54 -201
54 -212
54 -196
50 -196
60 -196
60 -193
74 -193
74 -177
59 -177
59 -167
47 -167
47 -148
28 -148
43 -148
40 -148
40 -142
59 -142
45 -142
49 -142
43 -142
48 -142
31 -142
31 -127
25 -127
25 -138
25 -131
23 -131
31 -131
31 -123
47 -123
43 -123
43 -104
43 -113
28 -113
28 -128
12 -128
12 -143
3 -143
8 -143
-2 -143
-2 -139
13 -139
13 -138
13 -142
13 -124
31 -124
30 -124
30 -106
38 -106
27 -106
39 -106
39 -103
55 -103
55 -120
57 -120
39 -120
39 -129
44 -129
44 -116
56 -116
56 -111
62 -111
62 -93
67 -93
67 -94
59 -94
59 -100
43 -100
43 -119
27 -119
37 -119
28 -119
28 -102
28 -121
34 -121
34 -136
38 -136
38 -117
38 -133
51 -133
51 -128
61 -128
61 -112
61 -116
61 -97
78 -97
67 -97
67 -93
66 -93
66 -84
82 -84
76 -84
76 -72
76 -81
67 -81
70 -81
70 -66
88 -66
88 -70
88 -51
96 -51
93 -51
93 -46
93 -64
111 -64
111 -81
93 -81
108 -81
108 -69
Day 9 - Part 1 : 0
	generator: 300ns,
	runner: 12.5203ms

